cql_300000_0.001_2_1024_250000step:-1.2931065344083734
cql_300000_1e-05_2_1024_250000step:-0.06408935642117398
cql_300000_0.001_2_1024_300000step:-1.3545793954839742
cql_300000_0.001_2_1024_200000step:-1.1243516951371921
cql_300000_0.001_3_1024_50000step:-0.01115330696593019
cql_300000_0.001_2_1024_150000step:-0.11202923121350762
