bcq_300000_1e-05_3_64_50000step:257.08694247383977
cql_300000_0.001_3_1024_100000step:22.19656238576762
cql_300000_0.001_2_1024_50000step:4.870289327309427
cql_300000_0.001_2_64_250000step:35.23722493003877
bcq_300000_1e-05_2_64_200000step:144.0695100607237
bcq_300000_1e-05_2_64_50000step:159.4432178932668
cql_300000_0.001_2_1024_250000step:-1.2931065344083734
bcq_300000_0.001_2_64_150000step:233.3103312841152
bcq_300000_1e-05_3_64_150000step:110.55720785666763
cql_300000_0.001_3_64_50000step:10.819806789192844
bcq_300000_0.001_2_64_250000step:248.77160090949167
bcq_300000_0.001_3_64_100000step:222.00543336725647
cql_300000_0.001_3_64_150000step:18.575621443566117
cql_300000_0.001_3_1024_250000step:49.537024833133245
cql_300000_1e-05_2_1024_250000step:-0.06408935642117398
cql_300000_0.001_2_64_200000step:87.99726473793383
cql_300000_1e-05_3_64_250000step:4.834459419887492
cql_300000_0.001_3_1024_150000step:9.721095290390359
bcq_300000_0.001_3_64_200000step:231.68826171693533
cql_300000_1e-05_3_64_50000step:4.7643385215427605
bcq_300000_0.001_2_64:261.58239450204644
cql_300000_0.001_2_1024_100000step:4.092270748384401
cql_300000_0.001_3_64_100000step:114.56106578484177
cql_300000_1e-05_2_64_300000step:4.815219618509307
bcq_300000_1e-05_2_64_250000step:109.85017187123871
cql_300000_1e-05_3_64_150000step:4.842052354331358
cql_300000_0.001_2_1024_300000step:-1.3545793954839742
cql_300000_0.001_2_1024_200000step:-1.1243516951371921
cql_300000_0.001_3_1024_300000step:2.8817640324239497
cql_300000_0.001_2_64_50000step:31.067092260001377
cql_300000_1e-05_2_1024_200000step:0.28945814850487983
cql_300000_1e-05_3_64_100000step:4.831669070490573
cql_300000_0.001_2_64_100000step:39.90561791469511
bcq_300000_0.001_3_64_150000step:227.0951949065648
cql_300000_1e-05_2_64_50000step:4.772932312728217
bcq_300000_0.001_3_64_50000step:223.36339212106103
bcq_300000_1e-05_2_64_150000step:199.48478335831575
cql_300000_0.001_2_64_300000step:33.85903666252518
cql_300000_1e-05_2_1024_100000step:4.411997587454814
cql_300000_0.001_2_64_150000step:40.60668574162728
bcq_300000_0.001_3_64_250000step:278.4155048497063
cql_300000_0.001_3_64_250000step:132.8979585402129
bcq_300000_0.001_2_64_200000step:223.848243282825
bcq_300000_0.001_2_64_50000step:243.45782791575508
bcq_300000_1e-05_3_64_200000step:157.63259914868195
cql_300000_1e-05_2_1024_300000step:2.451620970430372
cql_300000_1e-05_2_1024_150000step:3.4208191960242442
cql_300000_1e-05_2_64_100000step:4.809294994741918
bcq_300000_0.001_2_64_100000step:263.74676947455487
cql_300000_1e-05_2_64_250000step:4.815492295458139
bcq_300000_0.001_3_64:279.8808981700843
bcq_300000_1e-05_2_64_100000step:280.88999328524943
bcq_300000_1e-05_3_64_100000step:132.37381612672485
cql_300000_0.001_3_1024_50000step:-0.01115330696593019
cql_300000_1e-05_3_64_200000step:4.840383489037093
cql_300000_1e-05_2_64_150000step:4.812374671094671
bcq_300000_1e-05_2_64:127.54620799064386
bcq_300000_1e-05_3_64_250000step:117.7092124005613
bcq_300000_1e-05_3_64:175.8150752171159
cql_300000_0.001_2_1024_150000step:-0.11202923121350762
cql_300000_1e-05_2_1024_50000step:4.282779296636895
cql_300000_0.001_3_64_200000step:191.9220992207994
cql_300000_1e-05_3_1024_50000step:75.18331941051224
cql_300000_1e-05_3_64_300000step:4.829385902548702
cql_300000_0.001_3_64_300000step:47.527580473008676
cql_300000_1e-05_2_64_200000step:4.813063701353055
cql_300000_0.001_3_1024_200000step:91.47440108292565
