bcq_300000_0.001_3_64_150000step:227.10474542328421
bcq_300000_0.001_2_64:261.83219023843947
